"Correlation_Id","Dispatch_Id","Agent_Id","Queue_Id","Process_Id","Thread_Id","Grid_Size","Kernel_Id","Kernel_Name","Workgroup_Size","LDS_Block_Size","Scratch_Size","VGPR_Count","Accum_VGPR_Count","SGPR_Count","Counter_Name","Counter_Value","Start_Timestamp","End_Timestamp"
1,1,"Agent 1",1,61530,61530,5120,2,"__amd_rocclr_fillBufferAligned",256,0,0,16,0,128,"Wavefronts",160.000000,183049059295458,183049059587649
2,2,"Agent 1",1,61530,61530,5120,2,"__amd_rocclr_fillBufferAligned",256,0,0,16,0,128,"Wavefronts",160.000000,183049060073726,183049060110715
3,3,"Agent 1",1,61530,61530,5120,2,"__amd_rocclr_fillBufferAligned",256,0,0,16,0,128,"Wavefronts",160.000000,183049060145421,183049060182731
4,4,"Agent 1",1,61530,61530,5120,2,"__amd_rocclr_fillBufferAligned",256,0,0,16,0,128,"Wavefronts",160.000000,183049060212988,183049060316464
5,5,"Agent 1",1,61530,61530,5120,2,"__amd_rocclr_fillBufferAligned",256,0,0,16,0,128,"Wavefronts",160.000000,183049060353053,183049060455646
6,6,"Agent 1",1,61530,61530,512,5,"__amd_rocclr_copyBuffer",512,0,0,16,0,128,"Wavefronts",16.000000,183049063477750,183049063485886
7,7,"Agent 1",1,61530,61530,262144,16,"extend_attention_wmma_n64_gfx1151",128,65536,0,248,0,128,"Wavefronts",8192.000000,183049064068706,183049377349404
